,Pharmacie du Valois,Pharmacie Lepesme,Pharmacie de Boissy,Pharmacie wellpharma Principale,Pharmacie de l'Église,PHARMACIE DU MARCHÉ,Pharmacie de l'Olivier,Pharmacie de l'Ourcq,Pharmacie du Pont de la Ville,Pharmacie Des Pelletiers,Pharmacie de l'Eglise,Pharmacie de Condé,Aprium Pharmacie St Soupplets,Pharmacie Des Templiers,Pharmacie Forum Santé du Canal,Pharmacie Forum Santé de Rebais SELAS,Pharmacie de la Mairie,Pharmacie Lefeuvre-Garriot,Pharmacie du Pays de l'Ourcq,PHARMACIE RATSIMBAZAFY,Pharmacie Lcce -Pharmacie du centre,Pharmacie Dufour,Pharmacie de Jouarre,Pharmacie du Faubourg,Pharmacie de La Vallée du Morin,Pharmacie Des Saisons de Meaux,Pharmacie Delahaye et Servais,Pharmacie de Quincy-Voisins,Pharmacie du Haudouin,Pharmacie de la Gare,Pharmacie Desabres,Pharmacie De Mouroux,Ma Pharmacie de Bailly,Pharmacie Principale,Pharmacie Godart,Pharmacie du Moulin,Pharmacie Quer,Pharmacie de Beton-Bazoches,Pharmacie Saint Georges,Pharmacie Darras,Pharmacie d'Ile-de-France,Pharmacie du Faubourg,Pharmacie Branger,Pharmacie de Magny,Pharmacie Peda,Pharmacie Potellet-Collard,Pharmacie Avicenne,PHARMACIE DU CŒUR DE LA BRIE,PHARMACIE DE LA POSTE,Pharmacie de Chessy,Pharmacie de la Verriere SELAS,PHARMACIE LEFEBVRE TOULET KAREN,PHARMACIE DU PARC,Pharmacie Parapharmacie des Sources,PHARMACIE DE JUILLY,Pharmacie du Breon,Pharmacie du Centre,La Pharmacie de Guignes,Pharmacie de la Pierre Collinet,Pharmacie de Acy en Multien,Pharmacie Centrale Noël,PHARMACIE PRINCIPALE,Pharmacie des Remparts,Pharmacie Beauval,Pharmacie principale de Mareuil - Elsie Santé,Pharmacie Vauchier,PHARMACIE DU BEFFROI,Pharmacie Beaujean Dominique,Pharmacie Rombaux,Pharmacie Khin de St Germain sur Morin,Pharmacie ROSSET,Pharmacie Centrale de Claye,Pharmacie De Mauperthuis,Pharmacie de l'Hotel de Ville,Pharmacie Blassel,Pharmacie Parisot,Pharmacie du Golf à Bailly-romainvilliers,Pharmacie de Saint-Jean - Mr et Mme Poisson,Pharmacie de St Mard Elsie,Pharmacie Victor Hugo,Pharmacie de Pontcarré,Pharmacie De La Gare,Pharmacie des Ormes,Grande Pharmacie Du centre,Pharmacie des Saints Pères nanteuil les meaux
Pharmacie du Valois,0.0,80108.7,65745.6,62164.6,40023.8,53813.8,47617.8,25205.0,60821.0,44318.7,71416.9,44911.0,27564.7,60497.7,31439.2,60126.4,84856.3,1300.1,30970.2,29418.4,45109.8,18132.1,46846.6,44690.9,68685.1,36261.9,10450.5,45585.7,12743.5,45109.8,32974.1,61914.2,55080.7,1331.9,72110.8,62062.0,25522.4,93364.0,31570.1,76401.3,62180.6,37746.2,79502.7,49583.5,47918.9,92991.7,46182.0,70505.4,24707.0,60469.3,37400.2,68364.8,38286.3,23599.5,31016.3,70977.7,72151.5,86973.6,38934.3,16676.0,60890.5,70798.4,1052.2,37980.5,39363.8,58212.5,53625.9,65509.7,20905.4,48449.5,40260.6,41632.3,41297.8,44272.2,20011.0,60484.6,55080.7,48075.2,28105.9,69751.5,62353.6,66469.9,68386.6,27809.6,39465.5
Pharmacie Lepesme,80108.7,0.0,26647.9,20255.9,44557.1,26870.9,30209.0,62283.7,21313.6,38366.0,24038.7,37843.1,53673.8,22074.4,57636.1,33529.1,11985.9,78725.7,57929.7,65311.8,32642.4,70774.0,35152.4,38456.6,35528.9,43123.8,68050.1,34995.9,68222.4,32642.4,46577.3,22356.3,28005.1,78757.5,6342.8,18421.8,64903.2,21765.5,49878.8,11527.0,20781.2,40382.6,11736.3,31090.8,41479.0,21752.9,33142.7,32005.1,58268.4,34109.8,42276.6,42084.5,41364.2,59075.3,56351.3,9768.8,16957.5,14017.8,40850.6,61824.6,21383.0,17496.5,78477.8,42182.4,37864.5,22638.7,27175.9,16227.1,65976.9,28948.0,44793.9,49532.0,47525.2,38459.0,60606.2,20649.9,28005.1,47374.7,63575.9,21067.0,28585.7,33168.4,17637.0,64997.5,37791.3
Pharmacie de Boissy,65745.6,26647.9,0.0,6823.1,29865.0,20313.4,27034.6,43229.0,5479.6,22038.2,13699.7,21515.3,44739.4,5746.6,34526.7,6881.2,37118.2,65721.5,34820.3,57825.3,29468.0,61839.6,18824.6,22128.9,15439.9,36626.3,55045.9,28136.7,59288.0,29468.0,39784.0,10508.3,27127.1,66700.9,26670.4,13038.5,53775.9,20347.6,40944.4,31854.6,6839.2,33589.3,34955.9,29685.8,38304.6,28532.3,29968.3,17260.2,49333.9,32583.0,35483.3,15436.6,34866.7,50140.8,49853.8,30361.5,37550.3,37612.9,34057.4,48820.4,5549.0,38089.2,65473.6,35389.2,31071.3,29143.6,20199.8,14769.3,51330.4,25353.1,29422.4,43865.1,54465.6,22131.2,51671.8,17482.2,27127.1,28349.8,54782.7,41659.7,42696.6,50803.3,15146.1,56063.1,29099.7
Pharmacie wellpharma Principale,62164.6,20255.9,6823.1,0.0,25196.9,15645.3,22366.5,39737.3,1494.1,18546.5,11733.8,18023.6,40071.2,2254.9,31035.0,13709.6,30750.0,65123.1,31328.6,53157.2,24799.9,57171.5,15332.9,18637.2,15629.4,31958.2,54447.5,23468.5,54619.9,24799.9,35115.9,5840.1,22459.0,65154.9,20302.3,8370.4,49107.8,18381.8,36276.3,25486.4,961.7,28921.2,28587.8,25017.6,33636.5,26566.4,25300.2,17266.6,44665.8,27914.9,30815.2,22265.0,30198.6,45472.7,45185.7,23993.4,31182.1,31244.7,29389.2,48222.1,1563.5,31721.0,64875.3,30721.0,26403.1,24475.5,15531.7,7463.4,47838.7,20685.0,24754.3,39197.0,49797.5,18639.5,47003.7,12814.1,22459.0,24858.1,50114.5,35291.5,38028.5,46135.2,10478.0,51395.0,24431.6
Pharmacie de l'Église,40023.8,44557.1,29865.0,25196.9,0.0,19698.0,16015.3,24220.7,26049.3,15816.1,37830.4,15293.3,15624.0,30446.5,13233.5,29332.4,51030.4,39527.8,13527.1,28710.0,15664.7,32724.2,16795.4,15906.8,37891.1,7350.6,28852.2,11469.9,30172.6,15664.7,8514.3,22495.1,21254.7,39559.6,38284.9,21330.3,24660.6,44478.3,11829.1,42575.4,26567.6,4765.3,45676.8,18666.4,20792.7,52663.0,16736.9,39711.4,20218.6,20923.0,3221.5,38747.1,7428.8,21025.5,21502.9,37151.8,42224.2,46563.2,4755.6,22626.7,26118.7,42890.3,39279.9,2987.6,7431.9,24386.6,19510.1,27370.4,27913.9,14333.7,1830.1,20233.2,21680.3,15909.1,22556.5,26368.9,21254.7,9644.7,27397.5,41843.4,34445.5,42552.2,27747.2,26947.7,7533.6
PHARMACIE DU MARCHÉ,53813.8,26870.9,20313.4,15645.3,19698.0,0.0,7526.6,37819.1,15008.3,21330.5,26789.4,20807.6,27068.0,15624.9,29992.0,27079.6,32900.8,52119.9,30285.5,52744.1,9959.9,44168.2,20024.9,21421.1,30685.1,18954.9,41444.3,8639.1,41616.6,9959.9,22112.6,9687.4,7619.1,52151.7,20155.3,9835.2,36104.5,33437.4,23273.0,24445.8,15526.7,15917.9,27547.2,10177.7,18796.5,41622.0,10460.2,32322.2,31662.6,13075.0,17812.0,35635.0,17195.3,32469.5,28459.4,19022.2,24094.6,28433.6,16386.0,35218.8,15077.8,24633.6,51872.0,17717.8,13399.9,8867.5,430.6,13282.9,41512.3,5845.0,20329.3,24357.1,34957.5,21423.5,34000.4,7143.6,7619.1,26794.2,51008.2,28204.1,23188.5,31295.2,11133.3,38391.7,13326.6
Pharmacie de l'Olivier,47617.8,30209.0,27034.6,22366.5,16015.3,7526.6,0.0,33908.5,21834.3,30613.0,33615.4,30090.2,22551.5,22450.9,27485.9,33905.6,36812.9,47603.4,27016.9,33474.2,2667.7,39651.8,31592.3,30703.7,37511.0,12001.6,36927.8,4728.5,37100.1,2667.7,18202.1,16513.3,5449.9,47635.2,24067.4,16661.2,31588.1,45320.5,18756.6,28357.9,22352.6,12007.4,31459.2,2740.6,11504.3,44948.2,3168.0,39148.2,27146.1,5637.8,13901.4,42461.0,10142.1,27953.0,21167.1,22934.2,28006.7,32345.6,12475.4,30702.4,21903.7,28545.6,47355.5,13807.2,9489.3,10200.0,7110.8,20108.9,37601.7,1681.6,16418.8,17064.8,16360.8,30706.0,29484.0,13969.6,5449.9,26243.3,31738.3,29935.2,22537.3,30644.0,17959.2,33875.3,9416.1
Pharmacie de l'Ourcq,25205.0,62283.7,43229.0,39737.3,24220.7,37819.1,33908.5,0.0,38519.8,22017.4,49115.7,22609.7,25016.3,38196.5,9836.0,37825.1,68957.6,25428.0,10129.6,38496.1,35498.9,33615.3,24545.3,22389.6,46383.8,26651.0,14752.4,29397.1,27213.5,35498.9,15710.0,37086.2,39181.9,25404.0,56212.1,40230.6,34446.7,59539.0,26725.9,60502.6,39879.4,22692.5,63603.9,39972.6,38719.9,65974.8,36571.1,48204.2,29109.0,40757.3,22346.4,46063.5,25356.0,30053.8,33244.9,55079.0,60151.4,64490.3,23880.6,14197.1,38589.2,60817.4,25180.1,22926.8,25359.1,42313.8,37437.3,41961.4,7847.3,32260.9,20370.0,38160.4,39607.5,21971.0,32342.6,44296.0,39181.9,25954.7,37183.7,59770.5,52372.6,60479.3,42338.3,36733.9,25460.8
Pharmacie du Pont de la Ville,60821.0,21313.6,5479.6,1494.1,26049.3,15008.3,21834.3,38519.8,0.0,17308.9,12622.3,16786.0,39267.7,1223.3,29797.4,12678.0,31638.6,64319.6,30091.0,52353.7,23996.4,56368.0,14095.3,17399.5,16518.0,31154.7,53644.0,22665.0,53816.4,23996.4,34312.4,5036.6,21655.5,64351.4,21190.8,7566.9,48304.3,19270.3,35472.8,26375.0,1359.6,28117.7,29476.3,24214.1,32833.0,27455.0,24496.7,18155.1,43862.3,27111.4,30011.7,21233.4,29395.1,44669.2,44382.2,24881.9,32070.7,32133.3,28585.7,47418.6,418.3,32609.6,64071.8,29917.5,25599.6,23672.0,14728.2,9297.7,46601.1,19881.4,23950.8,38393.5,48994.0,17401.9,46200.2,12010.6,21655.5,23620.4,49311.0,36180.1,37225.0,45331.7,9674.5,50591.5,23628.1
Pharmacie Des Pelletiers,44318.7,38366.0,22038.2,18546.5,15816.1,21330.5,30613.0,22017.4,17308.9,0.0,27911.1,975.9,30491.4,17348.6,13380.8,16620.6,49310.5,44575.6,13674.4,43577.4,31795.6,47591.7,3697.5,372.2,25179.3,22218.0,33900.0,24816.8,45040.0,31795.6,22330.5,20048.1,29916.7,45555.0,38862.8,23192.5,39528.0,38334.5,26696.5,51237.4,19031.6,19632.8,54338.7,33271.0,35660.2,45126.9,32295.9,26999.7,35086.0,37144.7,18089.0,24615.7,31185.1,35892.9,36370.3,45813.7,50886.2,55225.1,19623.1,27674.5,17741.4,51552.2,44327.7,17855.0,27685.4,33048.5,21761.1,24923.4,30184.5,27680.7,14424.8,35100.7,36547.7,139.9,37423.9,24952.3,29916.7,9006.9,42264.9,50505.3,43107.4,51214.1,25300.2,41815.2,27612.2
Pharmacie de l'Eglise,71416.9,24038.7,13699.7,11733.8,37830.4,26789.4,33615.4,49115.7,12622.3,27911.1,0.0,27011.9,53188.7,15372.4,40611.1,11588.7,37023.4,78240.6,40904.6,66274.7,37917.3,70289.0,23868.6,27625.4,9343.5,45075.7,67565.0,36586.0,67737.4,37917.3,48233.4,18957.6,35576.5,78272.4,29940.1,21487.9,62225.3,7063.8,49393.8,35124.3,14079.2,42038.7,36773.7,38135.1,46754.0,20479.5,38417.7,7981.5,57783.3,41032.4,43932.7,19471.8,43316.1,58590.2,58303.1,33366.1,40554.8,39055.3,42506.7,61339.6,14681.0,41093.7,77992.7,43838.5,39520.6,37593.0,28649.2,19830.5,57414.8,33802.4,37871.8,52314.5,62915.0,28215.6,60121.2,25931.6,35576.5,33393.7,63232.0,44664.2,52183.0,56765.7,23595.5,64512.5,37549.1
Pharmacie de Condé,44911.0,37843.1,21515.3,18023.6,15293.3,20807.6,30090.2,22609.7,16786.0,975.9,27011.9,0.0,29515.5,16372.7,13717.2,15644.7,48334.6,44912.0,14010.7,42601.5,30819.7,46615.8,2721.6,613.5,24203.4,21242.1,34236.4,23840.9,44064.1,30819.7,19430.5,19072.2,28940.8,45891.4,37886.9,22216.6,38552.1,37358.6,25720.6,50261.5,18055.6,18656.8,53362.8,32295.1,34684.3,44151.0,31320.0,26023.7,34110.1,36168.8,17113.0,23639.8,30209.2,34917.0,35394.4,44837.8,49910.3,54249.2,18647.2,28010.9,16765.5,50576.3,44664.1,16879.1,26709.5,32072.6,20785.2,23947.5,30520.9,26704.8,13448.9,34124.7,35571.8,1011.7,36448.0,23976.4,28940.8,8031.0,41289.0,49529.4,42131.5,50238.2,24324.3,40839.2,26636.3
Aprium Pharmacie St Soupplets,27564.7,53673.8,44739.4,40071.2,15624.0,27068.0,22551.5,25016.3,39267.7,30491.4,53188.7,29515.5,0.0,42975.6,19101.1,44079.3,59980.1,29175.8,18632.1,13720.7,20233.6,17735.0,31542.2,30653.7,58035.7,11385.7,21773.9,20709.5,15183.4,20233.6,15005.0,37038.0,30204.4,28588.1,47234.6,37185.8,9671.3,68487.7,4653.2,51525.1,42877.3,12892.3,54626.5,24707.3,21419.9,68115.5,21305.8,54458.3,5229.4,25492.0,13716.6,53493.9,13410.1,6036.3,8469.5,46101.5,51174.0,55512.9,13988.6,17952.5,42428.4,51840.0,28308.4,14296.9,14487.6,33336.3,28749.7,40633.5,29216.9,23573.3,16577.0,20860.3,25600.2,30656.0,7567.2,35608.4,30204.4,24391.6,12408.3,50793.1,43395.2,51501.9,43510.4,11958.5,14589.3
Pharmacie Des Templiers,60497.7,22074.4,5746.6,2254.9,30446.5,15624.9,22450.9,38196.5,1223.3,17348.6,15372.4,16372.7,42975.6,0.0,29442.7,12702.5,32535.4,60637.5,29736.3,52909.2,24551.8,56923.4,13740.6,17044.9,17414.8,31710.1,49961.9,23220.5,54371.8,24551.8,34867.8,5592.1,22211.0,61616.9,22087.7,8122.3,48859.7,20167.2,36028.2,27271.9,2256.4,28673.1,30373.2,24769.6,33388.4,28351.8,25052.1,19052.0,44417.8,27666.9,30567.2,21257.9,29950.5,45224.7,44937.6,25778.8,32967.5,33030.1,29141.2,43736.5,966.3,33506.4,60389.6,30473.0,26155.1,24227.4,15283.7,9853.1,46246.4,20436.9,24506.2,38949.0,49549.4,17047.2,46755.6,12566.0,22211.0,23265.8,49866.5,37076.9,37780.4,45887.1,10230.0,51146.9,24183.6
Pharmacie Forum Santé du Canal,31439.2,57636.1,34526.7,31035.0,13233.5,29992.0,27485.9,9836.0,29797.4,13380.8,40611.1,13717.2,19101.1,29442.7,0.0,29447.9,62759.1,31194.8,293.5,31735.9,28738.7,33822.6,16168.1,14012.4,38006.6,19890.8,20519.2,22636.8,27554.0,28738.7,8949.7,28708.9,32983.4,32174.2,50013.6,31853.4,27686.5,51161.8,19965.6,54304.1,31502.1,15932.2,57405.5,36337.7,31959.7,57597.5,29810.9,39826.9,22011.5,33997.0,15586.2,37686.3,18595.7,22956.2,26484.7,48880.5,53952.9,58291.9,17120.3,14293.7,30212.0,54619.0,30946.9,16166.5,18598.8,36115.3,30421.9,33584.2,16803.7,25500.7,11992.7,31400.1,32847.2,13593.7,25582.4,33613.1,32983.4,14899.7,30423.4,53572.1,46174.2,54280.9,33961.0,29973.6,18700.5
Pharmacie Forum Santé de Rebais SELAS,60126.4,33529.1,6881.2,13709.6,29332.4,27079.6,33905.6,37825.1,12678.0,16620.6,11588.7,15644.7,44079.3,12702.5,29447.9,0.0,43657.1,60132.8,29231.6,56291.2,36006.9,60305.5,12195.5,15952.4,9063.1,34931.8,49457.3,37530.6,57753.9,36006.9,33120.2,17047.2,33666.1,61112.3,33209.3,19577.4,52241.8,22218.3,39410.3,38393.5,13378.1,32346.6,41494.9,36224.7,44843.5,35071.2,36507.2,10883.4,47799.8,39122.0,30802.8,9059.8,43898.9,48606.7,49084.1,36900.5,44089.2,44151.8,32336.9,43231.8,12088.0,44628.1,59885.0,30568.8,40399.3,35682.5,26738.8,21308.3,45741.8,31892.0,27138.6,47814.5,61004.5,16542.5,50137.7,24021.2,33666.1,21720.7,54978.8,48198.6,49235.5,57342.2,21685.1,54529.0,40326.0
Pharmacie de la Mairie,84856.3,11985.9,37118.2,30750.0,51030.4,32900.8,36812.9,68957.6,31638.6,49310.5,37023.4,48334.6,59980.1,32535.4,62759.1,43657.1,0.0,84956.8,64160.8,70065.4,38873.5,77005.1,46853.4,58066.3,48430.5,49354.9,74281.2,41227.0,81539.4,38873.5,52808.4,34057.3,34236.2,84988.6,16048.4,30122.8,69656.9,31854.3,56109.9,9216.9,32482.2,46613.7,8065.0,37321.9,52214.8,29109.3,39373.8,42074.6,64499.5,40340.9,48507.7,53785.5,47595.3,65306.4,62582.4,14407.8,21601.0,7787.1,47081.7,68055.7,33084.0,22139.9,84708.9,48413.5,44095.6,28869.8,33407.0,27928.1,72208.0,35179.1,51025.0,54285.6,52278.8,58068.6,66837.3,32351.0,34236.2,53605.8,68329.5,26565.2,33339.4,37929.4,29338.1,73714.9,44022.4
Pharmacie Lefeuvre-Garriot,1300.1,78725.7,65721.5,65123.1,39527.8,52119.9,47603.4,25428.0,64319.6,44575.6,78240.6,44912.0,29175.8,60637.5,31194.8,60132.8,84956.8,0.0,31200.2,31021.7,45339.8,16687.9,47076.6,44920.9,68915.1,36491.9,10680.5,45815.7,14346.9,45339.8,33204.1,62144.2,55310.6,1064.5,72340.8,62292.0,27125.7,93593.9,33173.4,76631.3,62410.6,37976.2,79732.7,49813.5,49522.2,93221.7,46412.0,70735.4,26310.3,50598.2,37630.2,68594.7,38516.3,25202.8,32619.6,71207.7,73754.8,80619.1,39164.3,16906.0,61120.5,72401.7,784.9,38210.5,39593.8,58442.5,53855.9,65739.7,19640.7,48679.5,40490.6,43235.6,42901.1,44502.2,21614.4,60714.6,55310.6,48305.2,29709.2,71354.8,63956.9,68073.2,68616.6,29412.9,39695.5
Pharmacie du Pays de l'Ourcq,30970.2,57929.7,34820.3,31328.6,13527.1,30285.5,27016.9,10129.6,30091.0,13674.4,40904.6,14010.7,18632.1,29736.3,293.5,29231.6,64160.8,31200.2,0.0,31442.3,28445.1,33529.1,16643.7,14488.0,38482.2,19597.3,20225.6,22343.3,27260.4,28445.1,8656.2,29184.6,33459.1,31880.6,50489.3,32329.0,27392.9,51637.4,19672.1,54779.8,31977.8,15638.7,57881.1,36813.4,31666.1,58073.2,29517.3,40302.6,21717.9,33703.5,15292.7,38161.9,18302.2,22662.7,26191.1,49356.1,54428.6,58767.5,16826.8,14000.2,30687.6,55094.6,30653.4,15873.0,18305.3,36590.9,30897.5,34059.8,16510.1,25207.1,12468.4,31106.6,32553.7,14069.4,25288.8,34088.7,33459.1,15375.3,30129.9,54047.7,46649.8,54756.5,34436.7,29680.1,18407.0
PHARMACIE RATSIMBAZAFY,29418.4,65311.8,57825.3,53157.2,28710.0,52744.1,33474.2,38496.1,52353.7,43577.4,66274.7,42601.5,13720.7,52909.2,31735.9,56291.2,70065.4,31021.7,31442.3,0.0,32886.9,22121.9,44195.5,43306.9,70688.9,24039.0,29815.3,33362.7,17151.5,32886.9,27658.3,49691.2,42493.2,30556.2,62201.0,49839.1,2015.0,87150.0,17306.4,61754.2,55530.5,25545.5,64855.5,40577.1,23599.7,87137.4,31352.5,67111.6,15269.4,36150.1,26369.8,66147.2,26063.3,14161.9,6086.1,58021.9,47832.3,62654.4,26641.9,30166.1,55081.6,46479.2,30276.5,26950.1,27140.8,45582.3,53059.3,53286.8,40186.7,36226.6,29230.3,17313.1,16978.6,43309.3,10985.0,59918.1,42493.2,37044.9,3175.6,45432.3,38034.4,42150.7,61119.4,5539.8,27242.5
Pharmacie Lcce -Pharmacie du centre,45109.8,32642.4,29468.0,24799.9,15664.7,9959.9,2667.7,35498.9,23996.4,31795.6,37917.3,30819.7,20233.6,24551.8,28738.7,36006.9,38873.5,45339.8,28445.1,32886.9,0.0,37035.3,34440.8,33552.3,40359.6,9385.1,34311.4,7577.1,34483.7,0.0,19472.5,19361.9,7566.3,45018.7,26915.9,19509.8,28971.6,48169.1,16140.1,31206.5,25201.2,10828.0,34307.8,5048.6,9983.4,47796.8,1647.1,41996.8,24529.6,5833.3,13114.2,45309.6,7525.6,25336.5,18550.7,25782.8,30855.3,35194.2,11924.3,28085.9,24752.3,28905.3,44739.1,13027.5,13994.9,13048.6,9959.4,22957.4,38872.1,4530.1,15631.6,15544.0,14840.0,33554.6,26867.5,16818.2,7566.3,29091.8,30217.4,27858.4,20460.5,28567.2,20807.8,31258.8,12524.9
Pharmacie Dufour,18132.1,70774.0,61839.6,57171.5,32724.2,44168.2,39651.8,33615.3,56368.0,47591.7,70289.0,46615.8,17735.0,56923.4,33822.6,60305.5,77005.1,16687.9,33529.1,22121.9,37035.3,0.0,48700.0,47811.5,75193.5,28543.5,18070.8,37867.3,6849.1,37391.4,32162.8,54195.8,47362.2,17728.5,64392.4,54343.6,18434.6,85645.5,21811.0,68682.9,60035.1,30050.1,71784.3,41865.1,40831.1,85273.3,38463.6,71616.1,14947.8,42649.8,30874.4,70651.7,30567.9,13840.3,23928.5,63259.3,65063.7,72670.7,31146.4,19597.8,59586.2,63710.6,17448.8,31454.7,31645.4,50494.1,45907.5,57791.3,28442.3,40731.1,33734.8,34544.5,34210.0,47813.8,10251.9,52766.2,47362.2,41549.4,21018.1,62663.7,55265.8,59382.1,60668.2,15002.5,31747.1
Pharmacie de Jouarre,46846.6,35152.4,18824.6,15332.9,16795.4,20024.9,31592.3,24545.3,14095.3,3697.5,23868.6,2721.6,31542.2,13740.6,16168.1,12195.5,46853.4,47076.6,16643.7,44195.5,34440.8,48700.0,0.0,3451.0,21095.7,22883.0,36368.1,25481.9,45705.1,32460.6,21071.4,18235.5,30581.7,48023.1,35165.3,20765.7,40193.0,34250.9,27361.5,40349.4,15334.0,20297.8,43450.8,33936.0,36325.2,41429.4,32960.9,22916.1,35751.1,37809.7,18754.0,21092.4,31850.2,36558.0,37035.4,46478.8,51551.2,46107.7,20288.1,30142.6,14043.9,52217.2,46795.8,18520.0,28350.5,33713.6,20121.8,22496.6,32652.6,28345.7,15089.8,35765.7,37212.8,3453.3,38088.9,25209.5,30581.7,9671.9,42930.0,51170.4,43772.5,51879.1,22873.4,42480.2,28277.2
Pharmacie du Faubourg,44690.9,38456.6,22128.9,18637.2,15906.8,21421.1,30703.7,22389.6,17399.5,372.2,27625.4,613.5,30653.7,17044.9,14012.4,15952.4,58066.3,44920.9,14488.0,43306.9,33552.3,47811.5,3451.0,0.0,25072.8,22111.5,34158.2,24710.3,44933.5,31689.1,20299.9,19941.6,29810.2,45813.2,38756.3,23086.0,39421.5,38228.0,26590.0,51130.9,18925.0,19526.2,54232.2,33164.5,35553.7,45020.4,32189.4,26893.2,34979.5,37038.2,17982.5,24509.2,31078.6,35786.4,36263.8,45707.2,50779.7,55118.6,19516.6,27932.7,17634.9,51445.7,44585.9,17748.5,27578.9,32942.0,21654.6,24816.9,30442.7,27574.2,14318.3,34994.1,36441.2,398.1,37317.4,24845.8,29810.2,8900.4,42158.4,50398.8,43000.9,51107.6,25193.7,41708.6,27505.7
Pharmacie de La Vallée du Morin,68685.1,35528.9,15439.9,15629.4,37891.1,30685.1,37511.0,46383.8,16518.0,25179.3,9343.5,24203.4,58035.7,17414.8,38006.6,9063.1,48430.5,68915.1,38482.2,70688.9,40359.6,75193.5,21095.7,25072.8,0.0,47109.3,58324.0,38619.6,69770.9,39950.9,41986.9,20991.2,37610.1,69979.0,34703.0,23521.4,64258.9,14087.2,51427.4,39887.2,16112.8,44072.2,42988.5,40168.7,48787.5,29751.4,40451.2,4173.0,59816.9,43066.0,39669.5,17738.0,45349.6,60623.8,60336.7,38394.1,45582.8,45645.5,44540.3,52098.5,16714.6,46121.8,68751.7,39435.6,41554.2,39626.5,30682.8,21864.1,54608.5,35836.0,36005.4,54348.1,64948.5,25409.3,62154.7,27965.2,37610.1,30587.4,65265.6,49692.3,53179.5,61286.2,25629.1,66546.0,39582.7
Pharmacie Des Saisons de Meaux,36261.9,43123.8,36626.3,31958.2,7350.6,18954.9,12001.6,26651.0,31154.7,22218.0,45075.7,21242.1,11385.7,31710.1,19890.8,34931.8,49354.9,36491.9,19597.3,24039.0,9385.1,28543.5,22883.0,22111.5,47109.3,0.0,25812.4,10394.3,25984.7,9215.2,10973.5,26722.8,19889.3,36519.8,36919.5,26870.6,20472.7,58172.6,7641.2,41210.0,32562.1,3534.2,44311.3,13688.9,15057.0,57800.3,10287.4,49357.7,16030.7,14473.6,5820.4,45254.7,2206.1,16837.6,15767.2,35786.3,40858.8,45197.7,4630.5,19586.9,32113.2,41524.8,36240.1,5733.7,5129.5,23021.1,18434.5,30318.3,30373.1,13258.1,8337.8,14497.5,15944.6,22416.8,18368.5,25293.3,19889.3,16152.4,23209.6,40477.9,33080.0,41186.7,33195.2,22759.8,5231.2
Pharmacie Delahaye et Servais,10450.5,68050.1,55045.9,54447.5,28852.2,41444.3,36927.8,14752.4,53644.0,33900.0,67565.0,34236.4,21773.9,49961.9,20519.2,49457.3,74281.2,10680.5,20225.6,29815.3,34311.4,18070.8,36368.1,34158.2,58324.0,25812.4,0.0,35135.2,12529.9,34659.3,22523.6,51463.7,44630.1,10707.4,61660.3,51611.5,26336.6,82913.4,22602.1,65950.8,51730.1,27295.7,69052.2,39133.0,39797.9,82541.2,35731.5,60054.9,17613.5,39917.7,26949.7,57914.2,27835.7,18558.3,31830.5,60527.2,65599.6,69938.6,28483.8,6225.5,50440.0,66265.7,10427.7,27530.0,28913.3,47762.0,43175.4,55059.2,10454.9,37999.0,29810.1,39238.4,42111.9,33821.7,20825.2,50034.1,44630.1,37624.7,28920.1,65218.8,57820.9,65927.6,57936.1,28623.7,29015.0
Pharmacie de Quincy-Voisins,45585.7,34995.9,28136.7,23468.5,11469.9,8639.1,4728.5,29397.1,22665.0,24816.8,36586.0,23840.9,20709.5,23220.5,22636.8,37530.6,41227.0,45815.7,22343.3,33362.7,7577.1,37867.3,25481.9,24710.3,38619.6,10394.3,35135.2,0.0,33141.1,7165.9,13637.2,17655.9,11297.5,43676.2,28327.6,17803.7,27629.1,49580.8,14797.6,32618.2,23495.2,7442.5,35719.5,7383.7,16002.5,49208.5,7666.2,40290.8,23187.1,10280.9,9336.5,47340.4,8719.9,23994.0,23706.9,27194.5,32267.0,36605.9,7910.5,26743.3,23046.3,32933.0,43396.5,9242.3,4924.4,14429.3,8227.4,21251.4,33036.8,3051.0,11853.8,22437.2,23884.3,24502.4,25525.0,15086.1,11297.5,20039.6,28635.8,31886.1,24488.2,32594.9,19075.8,29916.2,4851.2
Pharmacie du Haudouin,12743.5,68222.4,59288.0,54619.9,30172.6,41616.6,37100.1,27213.5,53816.4,45040.0,67737.4,44064.1,15183.4,54371.8,27554.0,57753.9,81539.4,14346.9,27260.4,17151.5,34483.7,6849.1,45705.1,44933.5,69770.9,25984.7,12529.9,33141.1,0.0,35962.8,22242.0,52767.2,45933.6,13760.5,62963.8,52915.0,14334.7,84216.9,20382.3,67254.3,58606.5,28621.5,70355.7,40436.5,36731.2,83844.7,37035.0,70187.5,13519.2,49281.6,29445.7,69223.1,29139.2,12411.7,19828.6,61830.7,60963.8,75785.9,29717.8,13192.5,58157.6,59610.6,13480.8,30026.1,30216.8,49065.5,44478.9,56362.7,23391.0,39302.5,32306.2,30444.6,30110.0,40788.7,8823.3,51337.6,45933.6,40120.8,16918.2,58563.8,51165.9,55282.2,59239.6,16621.8,30318.4
Pharmacie de la Gare,45109.8,32642.4,29468.0,24799.9,15664.7,9959.9,2667.7,35498.9,23996.4,31795.6,37917.3,30819.7,20233.6,24551.8,28738.7,36006.9,38873.5,45339.8,28445.1,32886.9,0.0,37391.4,32460.6,31689.1,39950.9,9215.2,34659.3,7165.9,35962.8,0.0,19472.5,19361.9,7566.3,45018.7,26915.9,19509.8,28971.6,48169.1,16140.1,31206.5,25201.2,10828.0,34307.8,5048.6,9983.4,47796.8,1647.1,41996.8,24529.6,5833.3,13114.2,45309.6,7525.6,25336.5,18550.7,25782.8,30855.3,35194.2,11924.3,28085.9,24752.3,28905.3,44739.1,13027.5,13994.9,13048.6,9959.4,22957.4,38872.1,4530.1,15631.6,15544.0,14840.0,33554.6,26867.5,16818.2,7566.3,29091.8,30217.4,27858.4,20460.5,28567.2,20807.8,31258.8,12524.9
Pharmacie Desabres,32974.1,46577.3,39784.0,35115.9,8514.3,22112.6,18202.1,15710.0,34312.4,22330.5,48233.4,19430.5,15005.0,34867.8,8949.7,33120.2,52808.4,33204.1,8656.2,27658.3,19472.5,32162.8,21071.4,20299.9,41986.9,10973.5,22523.6,13637.2,22242.0,19472.5,0.0,30015.6,23471.9,33231.1,40502.1,30163.5,23847.4,61755.2,11015.9,44792.6,35854.9,6982.5,47894.0,24262.6,23009.9,61383.0,20861.2,44113.3,16181.5,25047.3,6636.5,43149.0,9646.0,20212.3,21285.3,39369.0,44441.4,48780.4,8170.6,16298.3,35406.0,45107.4,32951.4,7216.8,9649.1,26603.8,21727.3,33611.1,19399.6,16550.9,6232.0,22450.4,23897.5,22116.8,21743.3,28586.1,23471.9,14046.7,26584.3,44060.6,36662.7,44769.4,33118.1,26134.6,9750.8
Pharmacie De Mouroux,61914.2,22356.3,10508.3,5840.1,22495.1,9687.4,16513.3,37086.2,5036.6,20048.1,18957.6,19072.2,37038.0,5592.1,28708.9,17047.2,34057.3,62144.2,29184.6,49691.2,19361.9,54195.8,18235.5,19941.6,20991.2,26722.8,51463.7,17655.9,52767.2,19361.9,30015.6,0.0,16618.9,59314.8,23799.6,4911.2,43267.7,23750.0,30436.2,28983.8,5839.3,23081.0,32085.2,19177.5,27796.3,31934.7,19460.0,22634.9,38825.7,22074.8,24975.1,25947.7,24358.4,39632.6,39345.5,23637.5,26288.6,34742.1,23549.1,42381.9,5390.4,28900.5,59035.1,24880.9,20563.0,18635.3,9691.6,6642.1,44606.8,14844.8,20221.6,33356.9,43957.3,19234.6,41163.5,6974.0,16618.9,21148.8,44274.4,39586.2,32188.3,40295.0,7018.9,45554.8,18591.5
Ma Pharmacie de Bailly,55080.7,28005.1,27127.1,22459.0,21254.7,7619.1,5449.9,39181.9,21655.5,29916.7,35576.5,28940.8,30204.4,22211.0,32983.4,33666.1,34236.2,55310.6,33459.1,42493.2,7566.3,47362.2,30581.7,29810.2,37610.1,19889.3,44630.1,11297.5,45933.6,7566.3,23471.9,16618.9,0.0,55396.8,21522.6,16707.7,39349.7,42775.8,26518.2,25813.2,22399.2,17022.0,28914.5,3268.6,14656.3,42403.5,7521.7,39194.7,34907.8,7289.8,18916.0,42507.5,18003.6,35714.7,32990.7,20389.5,25462.0,29800.9,17490.0,38464.0,21950.3,25000.1,55117.2,18821.8,14503.9,6352.1,7157.4,20155.4,42616.3,5821.9,21433.3,20216.8,28324.3,28476.9,37245.6,14016.1,0.0,24014.1,44375.0,23953.2,16555.3,24662.0,17900.3,41636.9,14430.7
Pharmacie Principale,1331.9,78757.5,66700.9,65154.9,39559.6,52151.7,47635.2,25404.0,64351.4,45555.0,78272.4,45891.4,28588.1,61616.9,32174.2,61112.3,84988.6,1064.5,31880.6,30556.2,45018.7,17728.5,48023.1,45813.2,69979.0,36519.8,10707.4,43676.2,13760.5,45018.7,33231.1,59314.8,55396.8,0.0,72372.6,62323.8,26584.0,93625.7,32631.6,76663.1,62442.4,38008.0,79764.5,49845.3,48980.5,93253.5,46443.8,70767.2,25768.5,50630.0,37662.0,68626.5,38548.0,24661.0,32077.9,71239.5,73213.1,80650.9,39196.1,16937.8,61152.3,71859.9,279.7,38242.3,39625.6,58474.3,53887.7,65771.5,19496.0,48711.3,40522.4,42693.9,42359.3,44534.0,21072.6,60746.4,55342.4,48337.0,29167.5,70813.1,63415.2,67531.5,68648.4,28871.1,39727.2
Pharmacie Godart,72110.8,6342.8,26670.4,20302.3,38284.9,20155.3,24067.4,56212.1,21190.8,38862.8,29940.1,37886.9,47234.6,22087.7,50013.6,33209.3,16048.4,72340.8,50489.3,62201.0,26915.9,64392.4,35165.3,38756.3,34703.0,36919.5,61660.3,28327.6,62963.8,26915.9,40502.1,23799.6,21522.6,72372.6,0.0,19822.8,56090.0,27439.4,43258.5,7406.5,22182.3,33762.2,10507.8,24470.5,34858.6,27426.8,26522.3,37679.0,51648.0,27489.4,35656.2,43485.5,34743.8,52454.9,49730.9,2352.6,11576.2,13164.7,34230.2,55204.2,22784.1,12115.1,71857.4,35562.0,31244.2,16018.3,20555.6,17628.1,59356.5,22327.6,38173.6,44150.7,42143.8,45217.2,53985.9,18994.9,21384.7,40754.4,58194.5,15685.6,23204.4,27787.1,19038.1,58377.1,31170.9
Pharmacie du Moulin,62062.0,18421.8,13038.5,8370.4,21330.3,9835.2,16661.2,40230.6,7566.9,23192.5,21487.9,22216.6,37185.8,8122.3,31853.4,19577.4,30122.8,62292.0,32329.0,49839.1,19509.8,54343.6,20765.7,23086.0,23521.4,26870.6,51611.5,17803.7,52915.0,19509.8,30163.5,4911.2,16707.7,62323.8,19822.8,0.0,43466.7,30186.5,30635.2,24821.1,8369.5,23280.0,27922.4,19376.5,27995.3,29814.2,19659.0,25165.1,39024.7,22273.8,25174.1,28477.9,24557.4,39831.6,39544.5,18965.7,21616.7,30579.4,23748.1,42580.9,7920.6,24228.6,59234.1,25079.9,20762.0,17049.9,9890.6,5972.6,48874.4,15043.8,19682.3,33555.9,44156.4,22838.4,41362.6,4402.4,16817.9,24752.6,44473.4,27799.1,32387.3,40494.0,2347.1,45753.8,18790.5
Pharmacie Quer,25522.4,64903.2,53775.9,49107.8,24660.6,36104.5,31588.1,34446.7,48304.3,39528.0,62225.3,38552.1,9671.3,48859.7,27686.5,52241.8,69656.9,27125.7,27392.9,2015.0,28971.6,18434.6,40193.0,39421.5,64258.9,20472.7,26336.6,27629.1,14334.7,28971.6,23847.4,43267.7,39349.7,26584.0,56090.0,43466.7,0.0,77403.5,13568.9,60440.9,51793.1,21808.1,63542.3,33623.1,18895.0,77031.3,30221.6,63374.1,11586.8,37833.6,22632.3,62409.7,22325.8,10479.3,5471.9,55017.3,49515.8,64337.9,22904.4,26483.5,51344.1,48162.7,26594.0,23212.7,23403.3,42252.1,37665.5,49549.3,36504.2,32489.1,25492.8,13580.1,18662.1,39571.8,7302.5,44524.2,39120.2,33307.4,4245.4,47115.8,39717.9,43834.2,52426.2,4025.0,23505.0
Pharmacie de Beton-Bazoches,93364.0,21765.5,20347.6,18381.8,44478.3,33437.4,45320.5,59539.0,19270.3,38334.5,7063.8,37358.6,68487.7,20167.2,51161.8,22218.3,31854.3,93593.9,51637.4,87150.0,48169.1,85645.5,34250.9,38228.0,14087.2,58172.6,82913.4,49580.8,84216.9,48169.1,61755.2,23750.0,42775.8,93625.7,27439.4,30186.5,77403.5,0.0,63939.5,32879.9,18877.2,54443.3,34529.4,45151.6,55539.7,10780.3,47203.4,11978.8,72329.1,48170.5,56337.3,23469.0,55424.9,73136.0,70412.0,31121.7,38310.5,36810.9,54911.3,75885.3,19479.0,38849.4,92538.5,56243.1,51925.2,36699.4,33447.2,26446.9,67711.2,43008.7,42669.7,70884.9,68878.1,38512.0,74666.9,34252.1,42065.8,43690.1,84928.8,42419.9,49938.6,54521.3,28739.9,79058.2,51852.0
Pharmacie Saint Georges,31570.1,49878.8,40944.4,36276.3,11829.1,23273.0,18756.6,26725.9,35472.8,26696.5,49393.8,25720.6,4653.2,36028.2,19965.6,39410.3,56109.9,33173.4,19672.1,17306.4,16140.1,21811.0,27361.5,26590.0,51427.4,7641.2,22602.1,14797.6,20382.3,16140.1,11015.9,30436.2,26518.2,32631.6,43258.5,30635.2,13568.9,63939.5,0.0,47724.4,39076.6,9091.6,50825.8,20906.6,18069.2,64314.8,17505.1,50657.6,9267.4,21691.3,9915.8,49693.2,9609.3,10074.3,10761.9,42300.8,47373.2,51712.2,10187.9,16365.2,38627.7,48039.3,32346.5,10496.2,10686.9,29535.6,24949.0,36832.8,30603.9,19772.6,12776.3,17509.7,18956.8,26855.3,11605.3,31807.7,26403.7,20590.9,16446.3,46992.4,39594.5,47701.2,39709.7,15996.5,10788.5
Pharmacie Darras,76401.3,11527.0,31854.6,25486.4,42575.4,24445.8,28357.9,60502.6,26375.0,51237.4,35124.3,50261.5,51525.1,27271.9,54304.1,38393.5,9216.9,76631.3,54779.8,61754.2,31206.5,68682.9,40349.4,51130.9,39887.2,41210.0,65950.8,32618.2,67254.3,31206.5,44792.6,28983.8,25813.2,76663.1,7406.5,24821.1,60440.9,32879.9,47724.4,0.0,27241.6,38197.9,3749.8,28906.2,39294.3,32486.2,30958.0,42738.4,56083.7,31925.2,40092.0,48544.9,39179.6,56890.6,54166.7,5992.1,13185.2,6406.7,38666.0,59640.0,27843.4,13724.2,76293.2,39997.8,35679.9,20454.0,24991.3,22687.5,63792.3,26763.4,42609.3,45759.7,43752.9,49652.9,58421.6,22634.4,25820.5,45190.1,59803.6,17294.7,24813.4,29396.1,22001.8,62812.9,35606.7
Pharmacie d'Ile-de-France,62180.6,20781.2,6839.2,961.7,26567.6,15526.7,22352.6,39879.4,1359.6,19031.6,14079.2,18055.6,42877.3,2256.4,31502.1,13378.1,32482.2,62410.6,31977.8,55530.5,25201.2,60035.1,15334.0,18925.0,16112.8,32562.1,51730.1,23495.2,58606.5,25201.2,35854.9,5839.3,22399.2,62442.4,22182.3,8369.5,51793.1,18877.2,39076.6,27241.6,0.0,29152.9,29094.6,25249.3,33868.1,27073.2,25531.8,17773.4,44897.5,28146.6,31046.9,22496.7,30430.3,45704.4,45417.3,24500.2,31688.9,31751.5,29620.9,48453.8,1795.2,32227.8,65106.9,30952.7,26634.8,24707.2,15763.4,7970.1,48070.4,20916.6,24985.9,39428.7,50029.2,18871.2,47235.4,13045.8,22690.7,25089.7,50346.2,35798.3,38260.2,46366.9,10709.7,51626.6,24663.3
Pharmacie du Faubourg,37746.2,40382.6,33589.3,28921.2,4765.3,15917.9,12007.4,22692.5,28117.7,19632.8,42038.7,18656.8,12892.3,28673.1,15932.2,32346.6,46613.7,37976.2,15638.7,25545.5,10828.0,30050.1,20297.8,19526.2,44072.2,3534.2,27295.7,7442.5,28621.5,10828.0,6982.5,23081.0,17022.0,38008.0,33762.2,23280.0,21808.1,54443.3,9091.6,38197.9,29152.9,0.0,41974.8,14964.4,17090.7,55463.8,13034.9,42848.8,17820.0,17221.0,2450.2,41884.4,3726.8,18626.9,17800.9,33449.8,38522.2,42861.2,2328.0,20863.3,29486.8,39188.3,37516.4,3030.5,3729.9,20684.6,15808.1,27691.9,26150.5,10631.7,4967.5,16531.2,17978.3,19046.5,20157.9,22666.9,17552.7,12782.1,24999.0,38141.4,30743.5,38850.2,27198.9,24549.2,3831.6
Pharmacie Branger,79502.7,11736.3,34955.9,28587.8,45676.8,27547.2,31459.2,63603.9,29476.3,54338.7,36773.7,53362.8,54626.5,30373.2,57405.5,41494.9,8065.0,79732.7,57881.1,64855.5,34307.8,71784.3,43450.8,54232.2,42988.5,44311.3,69052.2,35719.5,70355.7,34307.8,47894.0,32085.2,28914.5,79764.5,10507.8,27922.4,63542.3,34529.4,50825.8,3749.8,29094.6,41974.8,0.0,31839.0,42227.1,35419.0,33890.8,45671.1,59016.5,34857.9,43024.7,51477.7,42112.4,59823.4,57099.4,8924.8,16118.0,4308.5,41598.8,62572.8,30776.2,16656.9,79225.9,42930.6,38612.7,23386.8,27924.1,25620.2,66725.0,29696.2,45542.1,48692.5,46685.6,52585.7,61354.4,25567.1,28753.2,48122.9,62736.3,20227.4,27746.2,32328.9,24934.5,65745.6,38539.4
Pharmacie de Magny,49583.5,31090.8,29685.8,25017.6,18666.4,10177.7,2740.6,39972.6,24214.1,33271.0,38135.1,32295.1,24707.3,24769.6,36337.7,36224.7,37321.9,49813.5,36813.4,40577.1,5048.6,41865.1,33936.0,33164.5,40168.7,13688.9,39133.0,7383.7,40436.5,5048.6,24262.6,19177.5,3268.6,49845.3,24470.5,19376.5,33623.1,45151.6,20906.6,28906.2,25249.3,14964.4,31839.0,0.0,12141.7,45593.3,5007.1,41799.3,28985.3,4775.2,16552.5,45112.1,11981.2,29792.2,23006.3,23579.3,19588.3,32990.7,15126.6,32541.5,24554.9,24801.1,49194.7,16458.4,12140.5,10437.8,9762.0,22760.0,40252.8,4332.7,19069.9,17702.2,21956.4,33013.6,31323.1,16620.7,3350.4,28550.8,32375.7,23754.2,16356.3,24463.0,20610.4,35714.4,12067.2
Pharmacie Peda,47918.9,41479.0,38304.6,33636.5,20792.7,18796.5,11504.3,38719.9,32833.0,35660.2,46754.0,34684.3,21419.9,33388.4,31959.7,44843.5,52214.8,49522.2,31666.1,23599.7,9983.4,40831.1,36325.2,35553.7,48787.5,15057.0,39797.9,16002.5,36731.2,9983.4,23009.9,27796.3,14656.3,48980.5,34858.6,27995.3,18895.0,55539.7,18069.2,39294.3,33868.1,17090.7,42227.1,12141.7,0.0,56312.0,8436.4,50511.9,25334.6,12266.8,18619.0,53824.7,15312.8,31269.3,13922.9,34298.0,30002.9,44825.0,17429.1,33371.9,33267.5,28649.7,47384.0,18532.2,17928.0,21563.7,18474.6,31472.6,44158.1,13045.3,21136.3,3914.0,4865.3,35215.3,28092.5,25333.3,16081.5,28950.9,21049.1,27602.8,20204.9,24321.3,29323.0,26434.5,18029.7
Pharmacie Potellet-Collard,92991.7,21752.9,28532.3,26566.4,52663.0,41622.0,44948.2,65974.8,27455.0,45126.9,20479.5,44151.0,68115.5,28351.8,57597.5,35071.2,29109.3,93221.7,58073.2,87137.4,47796.8,85273.3,41429.4,45020.4,29751.4,57800.3,82541.2,49208.5,83844.7,47796.8,61383.0,31934.7,42403.5,93253.5,27426.8,29814.2,77031.3,10780.3,64314.8,32486.2,27073.2,55463.8,35419.0,45593.3,56312.0,0.0,47509.4,28379.1,72635.1,48476.5,56643.3,43891.8,55730.9,73442.0,70718.0,31602.3,38791.0,37291.4,55217.3,76191.3,27573.9,39329.9,92844.5,56549.1,52231.2,37005.4,41542.1,26752.9,73849.1,43314.7,50764.6,69448.3,69358.6,44649.9,74972.9,34558.1,42371.8,50868.4,85409.3,42900.4,50419.2,55001.9,29045.9,79364.2,52158.0
Pharmacie Avicenne,46182.0,33142.7,29968.3,25300.2,16736.9,10460.2,3168.0,36571.1,24496.7,32295.9,38417.7,31320.0,21305.8,25052.1,29810.9,36507.2,39373.8,46412.0,29517.3,31352.5,1647.1,38463.6,32960.9,32189.4,40451.2,10287.4,35731.5,7666.2,37035.0,1647.1,20861.2,19460.0,7521.7,46443.8,26522.3,19659.0,30221.6,47203.4,17505.1,30958.0,25531.8,13034.9,33890.8,5007.1,8436.4,47509.4,0.0,42075.6,25783.7,4275.7,14368.3,45388.4,8779.7,26590.6,20830.6,25861.6,30934.1,35273.0,13178.4,29340.0,24831.1,28984.1,45993.1,14281.5,12416.7,13127.4,10038.2,23036.2,40126.2,4608.9,16885.6,13896.9,13192.9,33633.4,28121.6,16897.0,7645.1,29170.6,28570.3,27937.2,20539.3,28646.0,20886.6,32512.8,12343.5
PHARMACIE DU CŒUR DE LA BRIE,70505.4,32005.1,17260.2,17266.6,39711.4,32322.2,39148.2,48204.2,18155.1,26999.7,7981.5,26023.7,54458.3,19052.0,39826.9,10883.4,42074.6,70735.4,40302.6,67111.6,41996.8,71616.1,22916.1,26893.2,4173.0,49357.7,60054.9,40290.8,70187.5,41996.8,44113.3,22634.9,39194.7,70767.2,37679.0,25165.1,63374.1,11978.8,50657.6,42738.4,17773.4,42848.8,45671.1,41799.3,50511.9,28379.1,42075.6,0.0,58180.4,44710.7,41183.3,11490.3,46994.3,58987.3,61981.4,41403.3,48592.0,47092.4,46185.0,53612.4,18359.3,49130.9,70265.5,40949.4,43198.9,41271.2,32327.4,23508.8,56122.3,37480.7,37519.2,55992.8,66593.2,26923.1,60518.3,29609.8,39254.7,32101.3,65359.3,52701.4,54824.2,62930.9,27273.8,64909.5,41227.4
PHARMACIE DE LA POSTE,24707.0,58268.4,49333.9,44665.8,20218.6,31662.6,27146.1,29109.0,43862.3,35086.0,57783.3,34110.1,5229.4,44417.8,22011.5,47799.8,64499.5,26310.3,21717.9,15269.4,24529.6,14947.8,35751.1,34979.5,59816.9,16030.7,17613.5,23187.1,13519.2,24529.6,16181.5,38825.7,34907.8,25768.5,51648.0,39024.7,11586.8,72329.1,9267.4,56083.7,44897.5,17820.0,59016.5,28985.3,25334.6,72635.1,25783.7,58180.4,0.0,30104.9,18329.5,58106.8,18023.0,1203.7,12691.6,50714.4,55786.9,60125.8,18601.5,15132.8,47041.3,56452.9,25392.2,18909.8,19100.5,37949.2,33362.6,45246.4,27962.1,28186.2,21189.9,28282.4,27947.8,35268.9,4650.9,40221.4,34817.4,29004.5,14755.9,55406.0,48008.1,53119.9,48123.3,12722.5,19202.2
Pharmacie de Chessy,60469.3,34109.8,32583.0,27914.9,20923.0,13075.0,5637.8,40757.3,27111.4,37144.7,41032.4,36168.8,25492.0,27666.9,33997.0,39122.0,40340.9,50598.2,33703.5,36150.1,5833.3,42649.8,37809.7,37038.2,43066.0,14473.6,39917.7,10280.9,49281.6,5833.3,25047.3,22074.8,7289.8,50630.0,27489.4,22273.8,37833.6,48170.5,21691.3,31925.2,28146.6,17221.0,34857.9,4775.2,12266.8,48476.5,4275.7,44710.7,30104.9,0.0,18565.1,47998.8,12976.5,30787.4,22365.5,26020.2,19716.5,35431.5,17375.1,33536.7,27441.5,24962.7,50189.9,18478.3,15027.1,10566.1,12648.6,25646.7,44323.0,7219.4,21082.4,14818.2,17666.0,36243.8,32318.4,19507.4,7429.6,31781.1,33716.7,23915.9,16518.0,22003.8,23497.0,39102.1,14953.9
Pharmacie de la Verriere SELAS,37400.2,42276.6,35483.3,30815.2,3221.5,17812.0,13901.4,22346.4,30011.7,18089.0,43932.7,17113.0,13716.6,30567.2,15586.2,30802.8,48507.7,37630.2,15292.7,26369.8,13114.2,30874.4,18754.0,17982.5,39669.5,5820.4,26949.7,9336.5,29445.7,13114.2,6636.5,24975.1,18916.0,37662.0,35656.2,25174.1,22632.3,56337.3,9915.8,40092.0,31046.9,2450.2,43024.7,16552.5,18619.0,56643.3,14368.3,41183.3,18329.5,18565.1,0.0,40547.1,5259.7,19062.8,19333.8,35799.7,40872.1,45211.0,1690.0,20664.1,27918.7,41538.1,37317.2,744.6,6079.8,23034.5,18158.0,30041.8,25951.3,12981.6,3630.2,18064.1,19511.2,17709.2,20593.8,25016.8,19902.6,11444.8,25434.9,40491.3,33093.4,41200.0,29548.8,24985.1,6181.5
PHARMACIE LEFEBVRE TOULET KAREN,68364.8,42084.5,15436.6,22265.0,38747.1,35635.0,42461.0,46063.5,21233.4,24615.7,19471.8,23639.8,53493.9,21257.9,37686.3,9059.8,53785.5,68594.7,38161.9,66147.2,45309.6,70651.7,21092.4,24509.2,17738.0,45254.7,57914.2,47340.4,69223.1,45309.6,43149.0,25947.7,42507.5,68626.5,43485.5,28477.9,62409.7,23469.0,49693.2,48544.9,22496.7,41884.4,51477.7,45112.1,53824.7,43891.8,45388.4,11490.3,58106.8,47998.8,40547.1,0.0,53697.5,58405.3,58882.7,45748.7,52937.4,53000.0,42135.4,51499.2,20936.2,53476.3,68152.4,40367.4,50197.8,44530.7,35587.0,30156.5,54009.1,40740.2,36937.2,57613.0,59060.1,24809.9,59936.2,32869.4,42514.3,31519.2,64777.3,57046.8,58083.7,66190.4,30533.3,64327.5,50124.6
PHARMACIE DU PARC,38286.3,41364.2,34866.7,30198.6,7428.8,17195.3,10142.1,25356.0,29395.1,31185.1,43316.1,30209.2,13410.1,29950.5,18595.7,43898.9,47595.3,38516.3,18302.2,26063.3,7525.6,30567.9,31850.2,31078.6,45349.6,2206.1,27835.7,8719.9,29139.2,7525.6,9646.0,24358.4,18003.6,38548.0,34743.8,24557.4,22325.8,55424.9,9609.3,39179.6,30430.3,3726.8,42112.4,11981.2,15312.8,55730.9,8779.7,46994.3,18023.0,12976.5,5259.7,53697.5,0.0,18805.3,16895.4,34289.4,39361.9,43700.8,4395.1,21554.7,30616.3,40027.9,38207.8,5498.3,4894.1,21524.2,17094.2,28821.4,29285.3,11664.9,8102.4,15625.7,17072.8,22181.4,20336.3,23952.9,18392.4,15917.0,25177.3,38981.0,31583.1,39689.8,31698.3,24727.5,4995.7
Pharmacie Parapharmacie des Sources,23599.5,59075.3,50140.8,45472.7,21025.5,32469.5,27953.0,30053.8,44669.2,35892.9,58590.2,34917.0,6036.3,45224.7,22956.2,48606.7,65306.4,25202.8,22662.7,14161.9,25336.5,13840.3,36558.0,35786.4,60623.8,16837.6,18558.3,23994.0,12411.7,25336.5,20212.3,39632.6,35714.7,24661.0,52454.9,39831.6,10479.3,73136.0,10074.3,56890.6,45704.4,18626.9,59823.4,29792.2,31269.3,73442.0,26590.6,58987.3,1203.7,30787.4,19062.8,58405.3,18805.3,0.0,13479.4,51502.2,56574.6,60913.5,19389.3,16077.6,47829.0,57240.6,24284.7,19697.5,19888.2,38737.0,34150.4,46034.2,28906.8,28973.9,21977.7,27174.9,26840.3,36056.7,3543.4,41009.1,35605.1,29792.3,13648.4,56193.7,48795.8,52012.4,48911.1,11615.0,19989.9
